[slow]
Theta0 = -0.086924    
Theta1 = 0.092175    
Theta2 = 0.001487    
Theta3 = -0.004547    
Theta4 = 0.002369    
Theta5 = 0.000062    
Theta6 = -0.000010    
Theta7 = 0.000017    
Theta8 = -0.000082    
Lambda58 = -0.890611    
Lambda24 = -0.310979    
Lambda01 = 0.051578    
meanln10f = 0.005789    

[fast]
Theta0 = -0.085815
Theta1 = 0.089650
Theta2 = 0.001057
Theta3 = -0.004318
Theta4 = 0.001913
Theta5 = 0.000052
Theta6 = -0.000004
Theta7 = 0.000020
Theta8 = -0.000053
Lambda58 = -1.643377
Lambda24 = -0.696048
Lambda01 = 0.159420
meanln10f = 1.978320