[slow]
Theta0 = -0.097176
Theta1 = 0.102000
Theta2 = 0.001208
Theta3 = -0.005192
Theta4 = 0.002563
Theta5 = 0.000065
Theta6 = -0.000008
Theta7 = 0.000024
Theta8 = -0.000115
Lambda58 = -0.140800
Lambda24 = -0.362078
Lambda01 = 0.082900
meanln10f = -0.000483

[fast]
Theta0 = -0.093592    
Theta1 = 0.096513    
Theta2 = 0.000896    
Theta3 = -0.003989    
Theta4 = 0.002182    
Theta5 = 0.000041    
Theta6 = -0.000005    
Theta7 = 0.000015    
Theta8 = -0.000038    
Lambda58 = -1.320397    
Lambda24 = -0.485280    
Lambda01 = 0.085217    
meanln10f = 1.979200    