[slow]
Theta0 = -1.000000
Theta1 = 1.000000
Theta2 = 0.000000
Theta3 = 0.000000
Theta4 = 0.000000
Theta5 = 0.000000
Theta6 = 0.000000
Theta7 = 0.000000
Theta8 = 0.000000
Lambda58 = 0.000000
Lambda24 = 0.000000
Lambda01 = 0.000000
meanln10f = 0.000000

[fast]
Theta0 = -1.000000
Theta1 = 1.000000
Theta2 = 0.000000
Theta3 = 0.000000
Theta4 = 0.000000
Theta5 = 0.000000
Theta6 = 0.000000
Theta7 = 0.000000
Theta8 = 0.000000
Lambda58 = 0.000000
Lambda24 = 0.000000
Lambda01 = 0.000000
meanln10f = 0.000000